t;vs
 0.000; 0.000;    0
 0.001; 0.000;    1
 0.002; 0.000;    2
 0.003; 0.000;    3
 0.004; 0.000;    4
 0.005; 0.000;    5
 0.006; 0.000;    6
 0.007; 0.001;    7
 0.008; 0.001;    8
 0.009; 0.001;    9
 0.010; 0.001;   10
 0.011; 0.001;   11
 0.012; 0.001;   12
 0.013; 0.001;   13
 0.014; 0.001;   14
 0.015; 0.001;   15
 0.016; 0.001;   16
 0.017; 0.001;   17
 0.018; 0.001;   18
 0.019; 0.001;   19
 0.020; 0.001;   20
 0.021; 0.001;   21
 0.022; 0.001;   22
 0.023; 0.001;   23
 0.024; 0.001;   24
 0.025; 0.002;   25
 0.026; 0.002;   26
 0.027; 0.002;   27
 0.028; 0.002;   28
 0.029; 0.002;   29
 0.030; 0.002;   30
 0.031; 0.002;   31
 0.032; 0.002;   32
 0.033; 0.002;   33
 0.034; 0.002;   34
 0.035; 0.002;   35
 0.036; 0.002;   36
 0.037; 0.002;   37
 0.038; 0.002;   38
 0.039; 0.002;   39
 0.040; 0.002;   40
 0.041; 0.002;   41
 0.042; 0.002;   42
 0.043; 0.003;   43
 0.044; 0.003;   44
 0.045; 0.003;   45
 0.046; 0.003;   46
 0.047; 0.003;   47
 0.048; 0.003;   48
 0.049; 0.003;   49
 0.050; 0.003;   50
 0.051; 0.003;   51
 0.052; 0.003;   52
 0.053; 0.003;   53
 0.054; 0.003;   54
 0.055; 0.003;   55
 0.056; 0.003;   56
 0.057; 0.003;   57
 0.058; 0.003;   58
 0.059; 0.003;   59
 0.060; 0.003;   60
 0.061; 0.004;   61
 0.062; 0.004;   62
 0.063; 0.004;   63
 0.064; 0.004;   64
 0.065; 0.004;   65
 0.066; 0.004;   66
 0.067; 0.004;   67
 0.068; 0.004;   68
 0.069; 0.004;   69
 0.070; 0.004;   70
 0.071; 0.004;   71
 0.072; 0.004;   72
 0.073; 0.004;   73
 0.074; 0.004;   74
 0.075; 0.004;   75
 0.076; 0.004;   76
 0.077; 0.004;   77
 0.078; 0.004;   78
 0.079; 0.005;   79
 0.080; 0.005;   80
 0.081; 0.005;   81
 0.082; 0.005;   82
 0.083; 0.005;   83
 0.084; 0.005;   84
 0.085; 0.005;   85
 0.086; 0.005;   86
 0.087; 0.005;   87
 0.088; 0.005;   88
 0.089; 0.005;   89
 0.090; 0.005;   90
 0.091; 0.005;   91
 0.092; 0.005;   92
 0.093; 0.005;   93
 0.094; 0.005;   94
 0.095; 0.005;   95
 0.096; 0.005;   96
 0.097; 0.006;   97
 0.098; 0.006;   98
 0.099; 0.006;   99
 0.100; 0.006;  100
 0.101; 0.006;  101
 0.102; 0.006;  102
 0.103; 0.006;  103
 0.104; 0.006;  104
 0.105; 0.006;  105
 0.106; 0.006;  106
 0.107; 0.006;  107
 0.108; 0.006;  108
 0.109; 0.006;  109
 0.110; 0.006;  110
 0.111; 0.006;  111
 0.112; 0.006;  112
 0.113; 0.006;  113
 0.114; 0.006;  114
 0.115; 0.007;  115
 0.116; 0.007;  116
 0.117; 0.007;  117
 0.118; 0.007;  118
 0.119; 0.007;  119
 0.120; 0.007;  120
 0.121; 0.007;  121
 0.122; 0.007;  122
 0.123; 0.007;  123
 0.124; 0.007;  124
 0.125; 0.007;  125
 0.126; 0.007;  126
 0.127; 0.007;  127
 0.128; 0.007;  128
 0.129; 0.007;  129
 0.130; 0.007;  130
 0.131; 0.007;  131
 0.132; 0.007;  132
 0.133; 0.008;  133
 0.134; 0.008;  134
 0.135; 0.008;  135
 0.136; 0.008;  136
 0.137; 0.008;  137
 0.138; 0.008;  138
 0.139; 0.008;  139
 0.140; 0.008;  140
 0.141; 0.008;  141
 0.142; 0.008;  142
 0.143; 0.008;  143
 0.144; 0.008;  144
 0.145; 0.008;  145
 0.146; 0.008;  146
 0.147; 0.008;  147
 0.148; 0.008;  148
 0.149; 0.008;  149
 0.150; 0.008;  150
 0.151; 0.009;  151
 0.152; 0.009;  152
 0.153; 0.009;  153
 0.154; 0.009;  154
 0.155; 0.009;  155
 0.156; 0.009;  156
 0.157; 0.009;  157
 0.158; 0.009;  158
 0.159; 0.009;  159
 0.160; 0.009;  160
 0.161; 0.009;  161
 0.162; 0.009;  162
 0.163; 0.009;  163
 0.164; 0.009;  164
 0.165; 0.009;  165
 0.166; 0.009;  166
 0.167; 0.009;  167
 0.168; 0.009;  168
 0.169; 0.010;  169
 0.170; 0.010;  170
 0.171; 0.010;  171
 0.172; 0.010;  172
 0.173; 0.010;  173
 0.174; 0.010;  174
 0.175; 0.010;  175
 0.176; 0.010;  176
 0.177; 0.010;  177
 0.178; 0.010;  178
 0.179; 0.010;  179
 0.180; 0.010;  180
 0.181; 0.010;  181
 0.182; 0.010;  182
 0.183; 0.010;  183
 0.184; 0.010;  184
 0.185; 0.010;  185
 0.186; 0.010;  186
 0.187; 0.011;  187
 0.188; 0.011;  188
 0.189; 0.011;  189
 0.190; 0.011;  190
 0.191; 0.011;  191
 0.192; 0.011;  192
 0.193; 0.011;  193
 0.194; 0.011;  194
 0.195; 0.011;  195
 0.196; 0.011;  196
 0.197; 0.011;  197
 0.198; 0.011;  198
 0.199; 0.011;  199
 0.200; 0.011;  200
 0.201; 0.011;  201
 0.202; 0.011;  202
 0.203; 0.011;  203
 0.204; 0.011;  204
 0.205; 0.012;  205
 0.206; 0.012;  206
 0.207; 0.012;  207
 0.208; 0.012;  208
 0.209; 0.012;  209
 0.210; 0.012;  210
 0.211; 0.012;  211
 0.212; 0.012;  212
 0.213; 0.012;  213
 0.214; 0.012;  214
 0.215; 0.012;  215
 0.216; 0.012;  216
 0.217; 0.012;  217
 0.218; 0.012;  218
 0.219; 0.012;  219
 0.220; 0.012;  220
 0.221; 0.012;  221
 0.222; 0.012;  222
 0.223; 0.013;  223
 0.224; 0.013;  224
 0.225; 0.013;  225
 0.226; 0.013;  226
 0.227; 0.013;  227
 0.228; 0.013;  228
 0.229; 0.013;  229
 0.230; 0.013;  230
 0.231; 0.013;  231
 0.232; 0.013;  232
 0.233; 0.013;  233
 0.234; 0.013;  234
 0.235; 0.013;  235
 0.236; 0.013;  236
 0.237; 0.013;  237
 0.238; 0.013;  238
 0.239; 0.013;  239
 0.240; 0.013;  240
 0.241; 0.014;  241
 0.242; 0.014;  242
 0.243; 0.014;  243
 0.244; 0.014;  244
 0.245; 0.014;  245
 0.246; 0.014;  246
 0.247; 0.014;  247
 0.248; 0.014;  248
 0.249; 0.014;  249
 0.250; 0.014;  250
 0.251; 0.014;  251
 0.252; 0.014;  252
 0.253; 0.014;  253
 0.254; 0.014;  254
 0.255; 0.014;  255
 0.256; 0.014;  256
 0.257; 0.014;  257
 0.258; 0.014;  258
 0.259; 0.015;  259
 0.260; 0.015;  260
 0.261; 0.015;  261
 0.262; 0.015;  262
 0.263; 0.015;  263
 0.264; 0.015;  264
 0.265; 0.015;  265
 0.266; 0.015;  266
 0.267; 0.015;  267
 0.268; 0.015;  268
 0.269; 0.015;  269
 0.270; 0.015;  270
 0.271; 0.015;  271
 0.272; 0.015;  272
 0.273; 0.015;  273
 0.274; 0.015;  274
 0.275; 0.015;  275
 0.276; 0.015;  276
 0.277; 0.016;  277
 0.278; 0.016;  278
 0.279; 0.016;  279
 0.280; 0.016;  280
 0.281; 0.016;  281
 0.282; 0.016;  282
 0.283; 0.016;  283
 0.284; 0.016;  284
 0.285; 0.016;  285
 0.286; 0.016;  286
 0.287; 0.016;  287
 0.288; 0.016;  288
 0.289; 0.016;  289
 0.290; 0.016;  290
 0.291; 0.016;  291
 0.292; 0.016;  292
 0.293; 0.016;  293
 0.294; 0.016;  294
 0.295; 0.017;  295
 0.296; 0.017;  296
 0.297; 0.017;  297
 0.298; 0.017;  298
 0.299; 0.017;  299
 0.300; 0.017;  300
 0.301; 0.017;  301
 0.302; 0.017;  302
 0.303; 0.017;  303
 0.304; 0.017;  304
 0.305; 0.017;  305
 0.306; 0.017;  306
 0.307; 0.017;  307
 0.308; 0.017;  308
 0.309; 0.017;  309
 0.310; 0.017;  310
 0.311; 0.017;  311
 0.312; 0.017;  312
 0.313; 0.018;  313
 0.314; 0.018;  314
 0.315; 0.018;  315
 0.316; 0.018;  316
 0.317; 0.018;  317
 0.318; 0.018;  318
 0.319; 0.018;  319
 0.320; 0.018;  320
 0.321; 0.018;  321
 0.322; 0.018;  322
 0.323; 0.018;  323
 0.324; 0.018;  324
 0.325; 0.018;  325
 0.326; 0.018;  326
 0.327; 0.018;  327
 0.328; 0.018;  328
 0.329; 0.018;  329
 0.330; 0.018;  330
 0.331; 0.019;  331
 0.332; 0.019;  332
 0.333; 0.019;  333
 0.334; 0.019;  334
 0.335; 0.019;  335
 0.336; 0.019;  336
 0.337; 0.019;  337
 0.338; 0.019;  338
 0.339; 0.019;  339
 0.340; 0.019;  340
 0.341; 0.019;  341
 0.342; 0.019;  342
 0.343; 0.019;  343
 0.344; 0.019;  344
 0.345; 0.019;  345
 0.346; 0.019;  346
 0.347; 0.019;  347
 0.348; 0.019;  348
 0.349; 0.020;  349
 0.350; 0.020;  350
 0.351; 0.020;  351
 0.352; 0.020;  352
 0.353; 0.020;  353
 0.354; 0.020;  354
 0.355; 0.020;  355
 0.356; 0.020;  356
 0.357; 0.020;  357
 0.358; 0.020;  358
 0.359; 0.020;  359
 0.360; 0.020;  360
 0.361; 0.020;  361
 0.362; 0.020;  362
 0.363; 0.020;  363
 0.364; 0.020;  364
 0.365; 0.020;  365
 0.366; 0.020;  366
 0.367; 0.021;  367
 0.368; 0.021;  368
 0.369; 0.021;  369
 0.370; 0.021;  370
 0.371; 0.021;  371
 0.372; 0.021;  372
 0.373; 0.021;  373
 0.374; 0.021;  374
 0.375; 0.021;  375
 0.376; 0.021;  376
 0.377; 0.021;  377
 0.378; 0.021;  378
 0.379; 0.021;  379
 0.380; 0.021;  380
 0.381; 0.021;  381
 0.382; 0.021;  382
 0.383; 0.021;  383
 0.384; 0.021;  384
 0.385; 0.022;  385
 0.386; 0.022;  386
 0.387; 0.022;  387
 0.388; 0.022;  388
 0.389; 0.022;  389
 0.390; 0.022;  390
 0.391; 0.022;  391
 0.392; 0.022;  392
 0.393; 0.022;  393
 0.394; 0.022;  394
 0.395; 0.022;  395
 0.396; 0.022;  396
 0.397; 0.022;  397
 0.398; 0.022;  398
 0.399; 0.022;  399
 0.400; 0.022;  400
 0.401; 0.022;  401
 0.402; 0.022;  402
 0.403; 0.023;  403
 0.404; 0.023;  404
 0.405; 0.023;  405
 0.406; 0.023;  406
 0.407; 0.023;  407
 0.408; 0.023;  408
 0.409; 0.023;  409
 0.410; 0.023;  410
 0.411; 0.023;  411
 0.412; 0.023;  412
 0.413; 0.023;  413
 0.414; 0.023;  414
 0.415; 0.023;  415
 0.416; 0.023;  416
 0.417; 0.023;  417
 0.418; 0.023;  418
 0.419; 0.023;  419
 0.420; 0.023;  420
 0.421; 0.024;  421
 0.422; 0.024;  422
 0.423; 0.024;  423
 0.424; 0.024;  424
 0.425; 0.024;  425
 0.426; 0.024;  426
 0.427; 0.024;  427
 0.428; 0.024;  428
 0.429; 0.024;  429
 0.430; 0.024;  430
 0.431; 0.024;  431
 0.432; 0.024;  432
 0.433; 0.024;  433
 0.434; 0.024;  434
 0.435; 0.024;  435
 0.436; 0.024;  436
 0.437; 0.024;  437
 0.438; 0.024;  438
 0.439; 0.025;  439
 0.440; 0.025;  440
 0.441; 0.025;  441
 0.442; 0.025;  442
 0.443; 0.025;  443
 0.444; 0.025;  444
 0.445; 0.025;  445
 0.446; 0.025;  446
 0.447; 0.025;  447
 0.448; 0.025;  448
 0.449; 0.025;  449
 0.450; 0.025;  450
 0.451; 0.025;  451
 0.452; 0.025;  452
 0.453; 0.025;  453
 0.454; 0.025;  454
 0.455; 0.025;  455
 0.456; 0.025;  456
 0.457; 0.026;  457
 0.458; 0.026;  458
 0.459; 0.026;  459
 0.460; 0.026;  460
 0.461; 0.026;  461
 0.462; 0.026;  462
 0.463; 0.026;  463
 0.464; 0.026;  464
 0.465; 0.026;  465
 0.466; 0.026;  466
 0.467; 0.026;  467
 0.468; 0.026;  468
 0.469; 0.026;  469
 0.470; 0.026;  470
 0.471; 0.026;  471
 0.472; 0.026;  472
 0.473; 0.026;  473
 0.474; 0.026;  474
 0.475; 0.027;  475
 0.476; 0.027;  476
 0.477; 0.027;  477
 0.478; 0.027;  478
 0.479; 0.027;  479
 0.480; 0.027;  480
 0.481; 0.027;  481
 0.482; 0.027;  482
 0.483; 0.027;  483
 0.484; 0.027;  484
 0.485; 0.027;  485
 0.486; 0.027;  486
 0.487; 0.027;  487
 0.488; 0.027;  488
 0.489; 0.027;  489
 0.490; 0.027;  490
 0.491; 0.027;  491
 0.492; 0.027;  492
 0.493; 0.028;  493
 0.494; 0.028;  494
 0.495; 0.028;  495
 0.496; 0.028;  496
 0.497; 0.028;  497
 0.498; 0.028;  498
 0.499; 0.028;  499
 0.500; 0.028;  500
 0.501; 0.028;  501
 0.502; 0.028;  502
 0.503; 0.028;  503
 0.504; 0.028;  504
 0.505; 0.028;  505
 0.506; 0.028;  506
 0.507; 0.028;  507
 0.508; 0.028;  508
 0.509; 0.028;  509
 0.510; 0.028;  510
 0.511; 0.029;  511
 0.512; 0.029;  512
 0.513; 0.029;  513
 0.514; 0.029;  514
 0.515; 0.029;  515
 0.516; 0.029;  516
 0.517; 0.029;  517
 0.518; 0.029;  518
 0.519; 0.029;  519
 0.520; 0.029;  520
 0.521; 0.029;  521
 0.522; 0.029;  522
 0.523; 0.029;  523
 0.524; 0.029;  524
 0.525; 0.029;  525
 0.526; 0.029;  526
 0.527; 0.029;  527
 0.528; 0.029;  528
 0.529; 0.030;  529
 0.530; 0.030;  530
 0.531; 0.030;  531
 0.532; 0.030;  532
 0.533; 0.030;  533
 0.534; 0.030;  534
 0.535; 0.030;  535
 0.536; 0.030;  536
 0.537; 0.030;  537
 0.538; 0.030;  538
 0.539; 0.030;  539
 0.540; 0.030;  540
 0.541; 0.030;  541
 0.542; 0.030;  542
 0.543; 0.030;  543
 0.544; 0.030;  544
 0.545; 0.030;  545
 0.546; 0.030;  546
 0.547; 0.031;  547
 0.548; 0.031;  548
 0.549; 0.031;  549
 0.550; 0.031;  550
 0.551; 0.031;  551
 0.552; 0.031;  552
 0.553; 0.031;  553
 0.554; 0.031;  554
 0.555; 0.031;  555
 0.556; 0.031;  556
 0.557; 0.031;  557
 0.558; 0.031;  558
 0.559; 0.031;  559
 0.560; 0.031;  560
 0.561; 0.031;  561
 0.562; 0.031;  562
 0.563; 0.031;  563
 0.564; 0.031;  564
 0.565; 0.032;  565
 0.566; 0.032;  566
 0.567; 0.032;  567
 0.568; 0.032;  568
 0.569; 0.032;  569
 0.570; 0.032;  570
 0.571; 0.032;  571
 0.572; 0.032;  572
 0.573; 0.032;  573
 0.574; 0.032;  574
 0.575; 0.032;  575
 0.576; 0.032;  576
 0.577; 0.032;  577
 0.578; 0.032;  578
 0.579; 0.032;  579
 0.580; 0.032;  580
 0.581; 0.032;  581
 0.582; 0.032;  582
 0.583; 0.033;  583
 0.584; 0.033;  584
 0.585; 0.033;  585
 0.586; 0.033;  586
 0.587; 0.033;  587
 0.588; 0.033;  588
 0.589; 0.033;  589
 0.590; 0.033;  590
 0.591; 0.033;  591
 0.592; 0.033;  592
 0.593; 0.033;  593
 0.594; 0.033;  594
 0.595; 0.033;  595
 0.596; 0.033;  596
 0.597; 0.033;  597
 0.598; 0.033;  598
 0.599; 0.033;  599
 0.600; 0.033;  600
 0.601; 0.034;  601
 0.602; 0.034;  602
 0.603; 0.034;  603
 0.604; 0.034;  604
 0.605; 0.034;  605
 0.606; 0.034;  606
 0.607; 0.034;  607
 0.608; 0.034;  608
 0.609; 0.034;  609
 0.610; 0.034;  610
 0.611; 0.034;  611
 0.612; 0.034;  612
 0.613; 0.034;  613
 0.614; 0.034;  614
 0.615; 0.034;  615
 0.616; 0.034;  616
 0.617; 0.034;  617
 0.618; 0.034;  618
 0.619; 0.035;  619
 0.620; 0.035;  620
 0.621; 0.035;  621
 0.622; 0.035;  622
 0.623; 0.035;  623
 0.624; 0.035;  624
 0.625; 0.035;  625
 0.626; 0.035;  626
 0.627; 0.035;  627
 0.628; 0.035;  628
 0.629; 0.035;  629
 0.630; 0.035;  630
 0.631; 0.035;  631
 0.632; 0.035;  632
 0.633; 0.035;  633
 0.634; 0.035;  634
 0.635; 0.035;  635
 0.636; 0.035;  636
 0.637; 0.036;  637
 0.638; 0.036;  638
 0.639; 0.036;  639
 0.640; 0.036;  640
 0.641; 0.036;  641
 0.642; 0.036;  642
 0.643; 0.036;  643
 0.644; 0.036;  644
 0.645; 0.036;  645
 0.646; 0.036;  646
 0.647; 0.036;  647
 0.648; 0.036;  648
 0.649; 0.036;  649
 0.650; 0.036;  650
 0.651; 0.036;  651
 0.652; 0.036;  652
 0.653; 0.036;  653
 0.654; 0.036;  654
 0.655; 0.037;  655
 0.656; 0.037;  656
 0.657; 0.037;  657
 0.658; 0.037;  658
 0.659; 0.037;  659
 0.660; 0.037;  660
 0.661; 0.037;  661
 0.662; 0.037;  662
 0.663; 0.037;  663
 0.664; 0.037;  664
 0.665; 0.037;  665
 0.666; 0.037;  666
 0.667; 0.037;  667
 0.668; 0.037;  668
 0.669; 0.037;  669
 0.670; 0.037;  670
 0.671; 0.037;  671
 0.672; 0.037;  672
 0.673; 0.038;  673
 0.674; 0.038;  674
 0.675; 0.038;  675
 0.676; 0.038;  676
 0.677; 0.038;  677
 0.678; 0.038;  678
 0.679; 0.038;  679
 0.680; 0.038;  680
 0.681; 0.038;  681
 0.682; 0.038;  682
 0.683; 0.038;  683
 0.684; 0.038;  684
 0.685; 0.038;  685
 0.686; 0.038;  686
 0.687; 0.038;  687
 0.688; 0.038;  688
 0.689; 0.038;  689
 0.690; 0.038;  690
 0.691; 0.039;  691
 0.692; 0.039;  692
 0.693; 0.039;  693
 0.694; 0.039;  694
 0.695; 0.039;  695
 0.696; 0.039;  696
 0.697; 0.039;  697
 0.698; 0.039;  698
 0.699; 0.039;  699
 0.700; 0.039;  700
 0.701; 0.039;  701
 0.702; 0.039;  702
 0.703; 0.039;  703
 0.704; 0.039;  704
 0.705; 0.039;  705
 0.706; 0.039;  706
 0.707; 0.039;  707
 0.708; 0.039;  708
 0.709; 0.040;  709
 0.710; 0.040;  710
 0.711; 0.040;  711
 0.712; 0.040;  712
 0.713; 0.040;  713
 0.714; 0.040;  714
 0.715; 0.040;  715
 0.716; 0.040;  716
 0.717; 0.040;  717
 0.718; 0.040;  718
 0.719; 0.040;  719
 0.720; 0.040;  720
 0.721; 0.040;  721
 0.722; 0.040;  722
 0.723; 0.040;  723
 0.724; 0.040;  724
 0.725; 0.040;  725
 0.726; 0.040;  726
 0.727; 0.041;  727
 0.728; 0.041;  728
 0.729; 0.041;  729
 0.730; 0.041;  730
 0.731; 0.041;  731
 0.732; 0.041;  732
 0.733; 0.041;  733
 0.734; 0.041;  734
 0.735; 0.041;  735
 0.736; 0.041;  736
 0.737; 0.041;  737
 0.738; 0.041;  738
 0.739; 0.041;  739
 0.740; 0.041;  740
 0.741; 0.041;  741
 0.742; 0.041;  742
 0.743; 0.041;  743
 0.744; 0.041;  744
 0.745; 0.042;  745
 0.746; 0.042;  746
 0.747; 0.042;  747
 0.748; 0.042;  748
 0.749; 0.042;  749
 0.750; 0.042;  750
 0.751; 0.042;  751
 0.752; 0.042;  752
 0.753; 0.042;  753
 0.754; 0.042;  754
 0.755; 0.042;  755
 0.756; 0.042;  756
 0.757; 0.042;  757
 0.758; 0.042;  758
 0.759; 0.042;  759
 0.760; 0.042;  760
 0.761; 0.042;  761
 0.762; 0.042;  762
 0.763; 0.043;  763
 0.764; 0.043;  764
 0.765; 0.043;  765
 0.766; 0.043;  766
 0.767; 0.043;  767
 0.768; 0.043;  768
 0.769; 0.043;  769
 0.770; 0.043;  770
 0.771; 0.043;  771
 0.772; 0.043;  772
 0.773; 0.043;  773
 0.774; 0.043;  774
 0.775; 0.043;  775
 0.776; 0.043;  776
 0.777; 0.043;  777
 0.778; 0.043;  778
 0.779; 0.043;  779
 0.780; 0.043;  780
 0.781; 0.044;  781
 0.782; 0.044;  782
 0.783; 0.044;  783
 0.784; 0.044;  784
 0.785; 0.044;  785
 0.786; 0.044;  786
 0.787; 0.044;  787
 0.788; 0.044;  788
 0.789; 0.044;  789
 0.790; 0.044;  790
 0.791; 0.044;  791
 0.792; 0.044;  792
 0.793; 0.044;  793
 0.794; 0.044;  794
 0.795; 0.044;  795
 0.796; 0.044;  796
 0.797; 0.044;  797
 0.798; 0.044;  798
 0.799; 0.045;  799
 0.800; 0.045;  800
 0.801; 0.045;  801
 0.802; 0.045;  802
 0.803; 0.045;  803
 0.804; 0.045;  804
 0.805; 0.045;  805
 0.806; 0.045;  806
 0.807; 0.045;  807
 0.808; 0.045;  808
 0.809; 0.045;  809
 0.810; 0.045;  810
 0.811; 0.045;  811
 0.812; 0.045;  812
 0.813; 0.045;  813
 0.814; 0.045;  814
 0.815; 0.045;  815
 0.816; 0.045;  816
 0.817; 0.046;  817
 0.818; 0.046;  818
 0.819; 0.046;  819
 0.820; 0.046;  820
 0.821; 0.046;  821
 0.822; 0.046;  822
 0.823; 0.046;  823
 0.824; 0.046;  824
 0.825; 0.046;  825
 0.826; 0.046;  826
 0.827; 0.046;  827
 0.828; 0.046;  828
 0.829; 0.046;  829
 0.830; 0.046;  830
 0.831; 0.046;  831
 0.832; 0.046;  832
 0.833; 0.046;  833
 0.834; 0.046;  834
 0.835; 0.047;  835
 0.836; 0.047;  836
 0.837; 0.047;  837
 0.838; 0.047;  838
 0.839; 0.047;  839
 0.840; 0.047;  840
 0.841; 0.047;  841
 0.842; 0.047;  842
 0.843; 0.047;  843
 0.844; 0.047;  844
 0.845; 0.047;  845
 0.846; 0.047;  846
 0.847; 0.047;  847
 0.848; 0.047;  848
 0.849; 0.047;  849
 0.850; 0.047;  850
 0.851; 0.047;  851
 0.852; 0.047;  852
 0.853; 0.048;  853
 0.854; 0.048;  854
 0.855; 0.048;  855
 0.856; 0.048;  856
 0.857; 0.048;  857
 0.858; 0.048;  858
 0.859; 0.048;  859
 0.860; 0.048;  860
 0.861; 0.048;  861
 0.862; 0.048;  862
 0.863; 0.048;  863
 0.864; 0.048;  864
 0.865; 0.048;  865
 0.866; 0.048;  866
 0.867; 0.048;  867
 0.868; 0.048;  868
 0.869; 0.048;  869
 0.870; 0.048;  870
 0.871; 0.049;  871
 0.872; 0.049;  872
 0.873; 0.049;  873
 0.874; 0.049;  874
 0.875; 0.049;  875
 0.876; 0.049;  876
 0.877; 0.049;  877
 0.878; 0.049;  878
 0.879; 0.049;  879
 0.880; 0.049;  880
 0.881; 0.049;  881
 0.882; 0.049;  882
 0.883; 0.049;  883
 0.884; 0.049;  884
 0.885; 0.049;  885
 0.886; 0.049;  886
 0.887; 0.049;  887
 0.888; 0.049;  888
 0.889; 0.050;  889
 0.890; 0.050;  890
 0.891; 0.050;  891
 0.892; 0.050;  892
 0.893; 0.050;  893
 0.894; 0.050;  894
 0.895; 0.050;  895
 0.896; 0.050;  896
 0.897; 0.050;  897
 0.898; 0.050;  898
 0.899; 0.050;  899
 0.900; 0.050;  900
 0.901; 0.050;  901
 0.902; 0.050;  902
 0.903; 0.050;  903
 0.904; 0.050;  904
 0.905; 0.050;  905
 0.906; 0.050;  906
 0.907; 0.051;  907
 0.908; 0.051;  908
 0.909; 0.051;  909
 0.910; 0.051;  910
 0.911; 0.051;  911
 0.912; 0.051;  912
 0.913; 0.051;  913
 0.914; 0.051;  914
 0.915; 0.051;  915
 0.916; 0.051;  916
 0.917; 0.051;  917
 0.918; 0.051;  918
 0.919; 0.051;  919
 0.920; 0.051;  920
 0.921; 0.051;  921
 0.922; 0.051;  922
 0.923; 0.051;  923
 0.924; 0.051;  924
 0.925; 0.052;  925
 0.926; 0.052;  926
 0.927; 0.052;  927
 0.928; 0.052;  928
 0.929; 0.052;  929
 0.930; 0.052;  930
 0.931; 0.052;  931
 0.932; 0.052;  932
 0.933; 0.052;  933
 0.934; 0.052;  934
 0.935; 0.052;  935
 0.936; 0.052;  936
 0.937; 0.052;  937
 0.938; 0.052;  938
 0.939; 0.052;  939
 0.940; 0.052;  940
 0.941; 0.052;  941
 0.942; 0.052;  942
 0.943; 0.053;  943
 0.944; 0.053;  944
 0.945; 0.053;  945
 0.946; 0.053;  946
 0.947; 0.053;  947
 0.948; 0.053;  948
 0.949; 0.053;  949
 0.950; 0.053;  950
 0.951; 0.053;  951
 0.952; 0.053;  952
 0.953; 0.053;  953
 0.954; 0.053;  954
 0.955; 0.053;  955
 0.956; 0.053;  956
 0.957; 0.053;  957
 0.958; 0.053;  958
 0.959; 0.053;  959
 0.960; 0.053;  960
 0.961; 0.054;  961
 0.962; 0.054;  962
 0.963; 0.054;  963
 0.964; 0.054;  964
 0.965; 0.054;  965
 0.966; 0.054;  966
 0.967; 0.054;  967
 0.968; 0.054;  968
 0.969; 0.054;  969
 0.970; 0.054;  970
 0.971; 0.054;  971
 0.972; 0.054;  972
 0.973; 0.054;  973
 0.974; 0.054;  974
 0.975; 0.054;  975
 0.976; 0.054;  976
 0.977; 0.054;  977
 0.978; 0.054;  978
 0.979; 0.055;  979
 0.980; 0.055;  980
 0.981; 0.055;  981
 0.982; 0.055;  982
 0.983; 0.055;  983
 0.984; 0.055;  984
 0.985; 0.055;  985
 0.986; 0.055;  986
 0.987; 0.055;  987
 0.988; 0.055;  988
 0.989; 0.055;  989
 0.990; 0.055;  990
 0.991; 0.055;  991
 0.992; 0.055;  992
 0.993; 0.055;  993
 0.994; 0.055;  994
 0.995; 0.055;  995
 0.996; 0.055;  996
 0.997; 0.056;  997
 0.998; 0.056;  998
 0.999; 0.056;  999
 1.000; 0.056; 1000
 1.001; 0.056; 1001
 1.002; 0.056; 1002
 1.003; 0.056; 1003
 1.004; 0.056; 1004
 1.005; 0.056; 1005
 1.006; 0.056; 1006
 1.007; 0.056; 1007
 1.008; 0.056; 1008
 1.009; 0.056; 1009
 1.010; 0.056; 1010
 1.011; 0.056; 1011
 1.012; 0.056; 1012
 1.013; 0.056; 1013
 1.014; 0.056; 1014
 1.015; 0.057; 1015
 1.016; 0.057; 1016
 1.017; 0.057; 1017
 1.018; 0.057; 1018
 1.019; 0.057; 1019
 1.020; 0.057; 1020
 1.021; 0.057; 1021
 1.022; 0.057; 1022
 1.023; 0.057; 1023
 1.024; 0.057; 1024
 1.025; 0.057; 1025
 1.026; 0.057; 1026
 1.027; 0.057; 1027
 1.028; 0.057; 1028
 1.029; 0.057; 1029
 1.030; 0.057; 1030
 1.031; 0.057; 1031
 1.032; 0.057; 1032
 1.033; 0.058; 1033
 1.034; 0.058; 1034
 1.035; 0.058; 1035
 1.036; 0.058; 1036
 1.037; 0.058; 1037
 1.038; 0.058; 1038
 1.039; 0.058; 1039
 1.040; 0.058; 1040
 1.041; 0.058; 1041
 1.042; 0.058; 1042
 1.043; 0.058; 1043
 1.044; 0.058; 1044
 1.045; 0.058; 1045
 1.046; 0.058; 1046
 1.047; 0.058; 1047
 1.048; 0.058; 1048
 1.049; 0.058; 1049
 1.050; 0.058; 1050
 1.051; 0.059; 1051
 1.052; 0.059; 1052
 1.053; 0.059; 1053
 1.054; 0.059; 1054
 1.055; 0.059; 1055
 1.056; 0.059; 1056
 1.057; 0.059; 1057
 1.058; 0.059; 1058
 1.059; 0.059; 1059
 1.060; 0.059; 1060
 1.061; 0.059; 1061
 1.062; 0.059; 1062
 1.063; 0.059; 1063
 1.064; 0.059; 1064
 1.065; 0.059; 1065
 1.066; 0.059; 1066
 1.067; 0.059; 1067
 1.068; 0.059; 1068
 1.069; 0.060; 1069
 1.070; 0.060; 1070
 1.071; 0.060; 1071
 1.072; 0.060; 1072
 1.073; 0.060; 1073
 1.074; 0.060; 1074
 1.075; 0.060; 1075
 1.076; 0.060; 1076
 1.077; 0.060; 1077
 1.078; 0.060; 1078
 1.079; 0.060; 1079
 1.080; 0.060; 1080
 1.081; 0.060; 1081
 1.082; 0.060; 1082
 1.083; 0.060; 1083
 1.084; 0.060; 1084
 1.085; 0.060; 1085
 1.086; 0.060; 1086
 1.087; 0.061; 1087
 1.088; 0.061; 1088
 1.089; 0.061; 1089
 1.090; 0.061; 1090
 1.091; 0.061; 1091
 1.092; 0.061; 1092
 1.093; 0.061; 1093
 1.094; 0.061; 1094
 1.095; 0.061; 1095
 1.096; 0.061; 1096
 1.097; 0.061; 1097
 1.098; 0.061; 1098
 1.099; 0.061; 1099
 1.100; 0.061; 1100
 1.101; 0.061; 1101
 1.102; 0.061; 1102
 1.103; 0.061; 1103
 1.104; 0.061; 1104
 1.105; 0.062; 1105
 1.106; 0.062; 1106
 1.107; 0.062; 1107
 1.108; 0.062; 1108
 1.109; 0.062; 1109
 1.110; 0.062; 1110
 1.111; 0.062; 1111
 1.112; 0.062; 1112
 1.113; 0.062; 1113
 1.114; 0.062; 1114
 1.115; 0.062; 1115
 1.116; 0.062; 1116
 1.117; 0.062; 1117
 1.118; 0.062; 1118
 1.119; 0.062; 1119
 1.120; 0.062; 1120
 1.121; 0.062; 1121
 1.122; 0.062; 1122
 1.123; 0.063; 1123
 1.124; 0.063; 1124
 1.125; 0.063; 1125
 1.126; 0.063; 1126
 1.127; 0.063; 1127
 1.128; 0.063; 1128
 1.129; 0.063; 1129
 1.130; 0.063; 1130
 1.131; 0.063; 1131
 1.132; 0.063; 1132
 1.133; 0.063; 1133
 1.134; 0.063; 1134
 1.135; 0.063; 1135
 1.136; 0.063; 1136
 1.137; 0.063; 1137
 1.138; 0.063; 1138
 1.139; 0.063; 1139
 1.140; 0.063; 1140
 1.141; 0.064; 1141
 1.142; 0.064; 1142
 1.143; 0.064; 1143
 1.144; 0.064; 1144
 1.145; 0.064; 1145
 1.146; 0.064; 1146
 1.147; 0.064; 1147
 1.148; 0.064; 1148
 1.149; 0.064; 1149
 1.150; 0.064; 1150
 1.151; 0.064; 1151
 1.152; 0.064; 1152
 1.153; 0.064; 1153
 1.154; 0.064; 1154
 1.155; 0.064; 1155
 1.156; 0.064; 1156
 1.157; 0.064; 1157
 1.158; 0.064; 1158
 1.159; 0.065; 1159
 1.160; 0.065; 1160
 1.161; 0.065; 1161
 1.162; 0.065; 1162
 1.163; 0.065; 1163
 1.164; 0.065; 1164
 1.165; 0.065; 1165
 1.166; 0.065; 1166
 1.167; 0.065; 1167
 1.168; 0.065; 1168
 1.169; 0.065; 1169
 1.170; 0.065; 1170
 1.171; 0.065; 1171
 1.172; 0.065; 1172
 1.173; 0.065; 1173
 1.174; 0.065; 1174
 1.175; 0.065; 1175
 1.176; 0.065; 1176
 1.177; 0.066; 1177
 1.178; 0.066; 1178
 1.179; 0.066; 1179
 1.180; 0.066; 1180
 1.181; 0.066; 1181
 1.182; 0.066; 1182
 1.183; 0.066; 1183
 1.184; 0.066; 1184
 1.185; 0.066; 1185
 1.186; 0.066; 1186
 1.187; 0.066; 1187
 1.188; 0.066; 1188
 1.189; 0.066; 1189
 1.190; 0.066; 1190
 1.191; 0.066; 1191
 1.192; 0.066; 1192
 1.193; 0.066; 1193
 1.194; 0.066; 1194
 1.195; 0.067; 1195
 1.196; 0.067; 1196
 1.197; 0.067; 1197
 1.198; 0.067; 1198
 1.199; 0.067; 1199
 1.200; 0.067; 1200
 1.201; 0.067; 1201
 1.202; 0.067; 1202
 1.203; 0.067; 1203
 1.204; 0.067; 1204
 1.205; 0.067; 1205
 1.206; 0.067; 1206
 1.207; 0.067; 1207
 1.208; 0.067; 1208
 1.209; 0.067; 1209
 1.210; 0.067; 1210
 1.211; 0.067; 1211
 1.212; 0.067; 1212
 1.213; 0.068; 1213
 1.214; 0.068; 1214
 1.215; 0.068; 1215
 1.216; 0.068; 1216
 1.217; 0.068; 1217
 1.218; 0.068; 1218
 1.219; 0.068; 1219
 1.220; 0.068; 1220
 1.221; 0.068; 1221
 1.222; 0.068; 1222
 1.223; 0.068; 1223
 1.224; 0.068; 1224
 1.225; 0.068; 1225
 1.226; 0.068; 1226
 1.227; 0.068; 1227
 1.228; 0.068; 1228
 1.229; 0.068; 1229
 1.230; 0.068; 1230
 1.231; 0.069; 1231
 1.232; 0.069; 1232
 1.233; 0.069; 1233
 1.234; 0.069; 1234
 1.235; 0.069; 1235
 1.236; 0.069; 1236
 1.237; 0.069; 1237
 1.238; 0.069; 1238
 1.239; 0.069; 1239
 1.240; 0.069; 1240
 1.241; 0.069; 1241
 1.242; 0.069; 1242
 1.243; 0.069; 1243
 1.244; 0.069; 1244
 1.245; 0.069; 1245
 1.246; 0.069; 1246
 1.247; 0.069; 1247
 1.248; 0.069; 1248
 1.249; 0.070; 1249
 1.250; 0.070; 1250
 1.251; 0.070; 1251
 1.252; 0.070; 1252
 1.253; 0.070; 1253
 1.254; 0.070; 1254
 1.255; 0.070; 1255
 1.256; 0.070; 1256
 1.257; 0.070; 1257
 1.258; 0.070; 1258
 1.259; 0.070; 1259
 1.260; 0.070; 1260
 1.261; 0.070; 1261
 1.262; 0.070; 1262
 1.263; 0.070; 1263
 1.264; 0.070; 1264
 1.265; 0.070; 1265
 1.266; 0.070; 1266
 1.267; 0.071; 1267
 1.268; 0.071; 1268
 1.269; 0.071; 1269
 1.270; 0.071; 1270
 1.271; 0.071; 1271
 1.272; 0.071; 1272
 1.273; 0.071; 1273
 1.274; 0.071; 1274
 1.275; 0.071; 1275
 1.276; 0.071; 1276
 1.277; 0.071; 1277
 1.278; 0.071; 1278
 1.279; 0.071; 1279
 1.280; 0.071; 1280
 1.281; 0.071; 1281
 1.282; 0.071; 1282
 1.283; 0.071; 1283
 1.284; 0.071; 1284
 1.285; 0.072; 1285
 1.286; 0.072; 1286
 1.287; 0.072; 1287
 1.288; 0.072; 1288
 1.289; 0.072; 1289
 1.290; 0.072; 1290
 1.291; 0.072; 1291
 1.292; 0.072; 1292
 1.293; 0.072; 1293
 1.294; 0.072; 1294
 1.295; 0.072; 1295
 1.296; 0.072; 1296
 1.297; 0.072; 1297
 1.298; 0.072; 1298
 1.299; 0.072; 1299
 1.300; 0.072; 1300
 1.301; 0.072; 1301
 1.302; 0.072; 1302
 1.303; 0.073; 1303
 1.304; 0.073; 1304
 1.305; 0.073; 1305
 1.306; 0.073; 1306
 1.307; 0.073; 1307
 1.308; 0.073; 1308
 1.309; 0.073; 1309
 1.310; 0.073; 1310
 1.311; 0.073; 1311
 1.312; 0.073; 1312
 1.313; 0.073; 1313
 1.314; 0.073; 1314
 1.315; 0.073; 1315
 1.316; 0.073; 1316
 1.317; 0.073; 1317
 1.318; 0.073; 1318
 1.319; 0.073; 1319
 1.320; 0.073; 1320
 1.321; 0.074; 1321
 1.322; 0.074; 1322
 1.323; 0.074; 1323
 1.324; 0.074; 1324
 1.325; 0.074; 1325
 1.326; 0.074; 1326
 1.327; 0.074; 1327
 1.328; 0.074; 1328
 1.329; 0.074; 1329
 1.330; 0.074; 1330
 1.331; 0.074; 1331
 1.332; 0.074; 1332
 1.333; 0.074; 1333
 1.334; 0.074; 1334
 1.335; 0.074; 1335
 1.336; 0.074; 1336
 1.337; 0.074; 1337
 1.338; 0.074; 1338
 1.339; 0.075; 1339
 1.340; 0.075; 1340
 1.341; 0.075; 1341
 1.342; 0.075; 1342
 1.343; 0.075; 1343
 1.344; 0.075; 1344
 1.345; 0.075; 1345
 1.346; 0.075; 1346
 1.347; 0.075; 1347
 1.348; 0.075; 1348
 1.349; 0.075; 1349
 1.350; 0.075; 1350
 1.351; 0.075; 1351
 1.352; 0.075; 1352
 1.353; 0.075; 1353
 1.354; 0.075; 1354
 1.355; 0.075; 1355
 1.356; 0.075; 1356
 1.357; 0.076; 1357
 1.358; 0.076; 1358
 1.359; 0.076; 1359
 1.360; 0.076; 1360
 1.361; 0.076; 1361
 1.362; 0.076; 1362
 1.363; 0.076; 1363
 1.364; 0.076; 1364
 1.365; 0.076; 1365
 1.366; 0.076; 1366
 1.367; 0.076; 1367
 1.368; 0.076; 1368
 1.369; 0.076; 1369
 1.370; 0.076; 1370
 1.371; 0.076; 1371
 1.372; 0.076; 1372
 1.373; 0.076; 1373
 1.374; 0.076; 1374
 1.375; 0.077; 1375
 1.376; 0.077; 1376
 1.377; 0.077; 1377
 1.378; 0.077; 1378
 1.379; 0.077; 1379
 1.380; 0.077; 1380
 1.381; 0.077; 1381
 1.382; 0.077; 1382
 1.383; 0.077; 1383
 1.384; 0.077; 1384
 1.385; 0.077; 1385
 1.386; 0.077; 1386
 1.387; 0.077; 1387
 1.388; 0.077; 1388
 1.389; 0.077; 1389
 1.390; 0.077; 1390
 1.391; 0.077; 1391
 1.392; 0.077; 1392
 1.393; 0.078; 1393
 1.394; 0.078; 1394
 1.395; 0.078; 1395
 1.396; 0.078; 1396
 1.397; 0.078; 1397
 1.398; 0.078; 1398
 1.399; 0.078; 1399
 1.400; 0.078; 1400
 1.401; 0.078; 1401
 1.402; 0.078; 1402
 1.403; 0.078; 1403
 1.404; 0.078; 1404
 1.405; 0.078; 1405
 1.406; 0.078; 1406
 1.407; 0.078; 1407
 1.408; 0.078; 1408
 1.409; 0.078; 1409
 1.410; 0.078; 1410
 1.411; 0.079; 1411
 1.412; 0.079; 1412
 1.413; 0.079; 1413
 1.414; 0.079; 1414
 1.415; 0.079; 1415
 1.416; 0.079; 1416
 1.417; 0.079; 1417
 1.418; 0.079; 1418
 1.419; 0.079; 1419
 1.420; 0.079; 1420
 1.421; 0.079; 1421
 1.422; 0.079; 1422
 1.423; 0.079; 1423
 1.424; 0.079; 1424
 1.425; 0.079; 1425
 1.426; 0.079; 1426
 1.427; 0.079; 1427
 1.428; 0.079; 1428
 1.429; 0.080; 1429
 1.430; 0.080; 1430
 1.431; 0.080; 1431
 1.432; 0.080; 1432
 1.433; 0.080; 1433
 1.434; 0.080; 1434
 1.435; 0.080; 1435
 1.436; 0.080; 1436
 1.437; 0.080; 1437
 1.438; 0.080; 1438
 1.439; 0.080; 1439
 1.440; 0.080; 1440
 1.441; 0.080; 1441
 1.442; 0.080; 1442
 1.443; 0.080; 1443
 1.444; 0.080; 1444
 1.445; 0.080; 1445
 1.446; 0.080; 1446
 1.447; 0.081; 1447
 1.448; 0.081; 1448
 1.449; 0.081; 1449
 1.450; 0.081; 1450
 1.451; 0.081; 1451
 1.452; 0.081; 1452
 1.453; 0.081; 1453
 1.454; 0.081; 1454
 1.455; 0.081; 1455
 1.456; 0.081; 1456
 1.457; 0.081; 1457
 1.458; 0.081; 1458
 1.459; 0.081; 1459
 1.460; 0.081; 1460
 1.461; 0.081; 1461
 1.462; 0.081; 1462
 1.463; 0.081; 1463
 1.464; 0.081; 1464
 1.465; 0.082; 1465
 1.466; 0.082; 1466
 1.467; 0.082; 1467
 1.468; 0.082; 1468
 1.469; 0.082; 1469
 1.470; 0.082; 1470
 1.471; 0.082; 1471
 1.472; 0.082; 1472
 1.473; 0.082; 1473
 1.474; 0.082; 1474
 1.475; 0.082; 1475
 1.476; 0.082; 1476
 1.477; 0.082; 1477
 1.478; 0.082; 1478
 1.479; 0.082; 1479
 1.480; 0.082; 1480
 1.481; 0.082; 1481
 1.482; 0.082; 1482
 1.483; 0.083; 1483
 1.484; 0.083; 1484
 1.485; 0.083; 1485
 1.486; 0.083; 1486
 1.487; 0.083; 1487
 1.488; 0.083; 1488
 1.489; 0.083; 1489
 1.490; 0.083; 1490
 1.491; 0.083; 1491
 1.492; 0.083; 1492
 1.493; 0.083; 1493
 1.494; 0.083; 1494
 1.495; 0.083; 1495
 1.496; 0.083; 1496
 1.497; 0.083; 1497
 1.498; 0.083; 1498
 1.499; 0.083; 1499
 1.500; 0.083; 1500
 1.501; 0.083; 1501
 1.502; 0.083; 1502
 1.503; 0.083; 1503
 1.504; 0.083; 1504
 1.505; 0.084; 1505
 1.506; 0.084; 1506
 1.507; 0.084; 1507
 1.508; 0.084; 1508
 1.509; 0.084; 1509
 1.510; 0.084; 1510
 1.511; 0.084; 1511
 1.512; 0.084; 1512
 1.513; 0.084; 1513
 1.514; 0.084; 1514
 1.515; 0.084; 1515
 1.516; 0.084; 1516
 1.517; 0.084; 1517
 1.518; 0.084; 1518
 1.519; 0.085; 1519
 1.520; 0.085; 1520
 1.521; 0.085; 1521
 1.522; 0.085; 1522
 1.523; 0.085; 1523
 1.524; 0.085; 1524
 1.525; 0.085; 1525
 1.526; 0.085; 1526
 1.527; 0.085; 1527
 1.528; 0.085; 1528
 1.529; 0.085; 1529
 1.530; 0.085; 1530
 1.531; 0.085; 1531
 1.532; 0.085; 1532
 1.533; 0.085; 1533
 1.534; 0.085; 1534
 1.535; 0.085; 1535
 1.536; 0.085; 1536
 1.537; 0.086; 1537
 1.538; 0.086; 1538
 1.539; 0.086; 1539
 1.540; 0.086; 1540
 1.541; 0.086; 1541
 1.542; 0.086; 1542
 1.543; 0.086; 1543
 1.544; 0.086; 1544
 1.545; 0.086; 1545
 1.546; 0.086; 1546
 1.547; 0.086; 1547
 1.548; 0.086; 1548
 1.549; 0.086; 1549
 1.550; 0.086; 1550
 1.551; 0.086; 1551
 1.552; 0.086; 1552
 1.553; 0.086; 1553
 1.554; 0.086; 1554
 1.555; 0.087; 1555
 1.556; 0.087; 1556
 1.557; 0.087; 1557
 1.558; 0.087; 1558
 1.559; 0.087; 1559
 1.560; 0.087; 1560
 1.561; 0.087; 1561
 1.562; 0.087; 1562
 1.563; 0.087; 1563
 1.564; 0.087; 1564
 1.565; 0.087; 1565
 1.566; 0.087; 1566
 1.567; 0.087; 1567
 1.568; 0.087; 1568
 1.569; 0.087; 1569
 1.570; 0.087; 1570
 1.571; 0.087; 1571
 1.572; 0.087; 1572
 1.573; 0.088; 1573
 1.574; 0.088; 1574
 1.575; 0.088; 1575
 1.576; 0.088; 1576
 1.577; 0.088; 1577
 1.578; 0.088; 1578
 1.579; 0.088; 1579
 1.580; 0.088; 1580
 1.581; 0.088; 1581
 1.582; 0.088; 1582
 1.583; 0.088; 1583
 1.584; 0.088; 1584
 1.585; 0.088; 1585
 1.586; 0.088; 1586
 1.587; 0.088; 1587
 1.588; 0.088; 1588
 1.589; 0.088; 1589
 1.590; 0.088; 1590
 1.591; 0.089; 1591
 1.592; 0.089; 1592
 1.593; 0.089; 1593
 1.594; 0.089; 1594
 1.595; 0.089; 1595
 1.596; 0.089; 1596
 1.597; 0.089; 1597
 1.598; 0.089; 1598
 1.599; 0.089; 1599
 1.600; 0.089; 1600
 1.601; 0.089; 1601
 1.602; 0.089; 1602
 1.603; 0.089; 1603
 1.604; 0.089; 1604
 1.605; 0.089; 1605
 1.606; 0.089; 1606
 1.607; 0.089; 1607
 1.608; 0.089; 1608
 1.609; 0.090; 1609
 1.610; 0.090; 1610
 1.611; 0.090; 1611
 1.612; 0.090; 1612
 1.613; 0.090; 1613
 1.614; 0.090; 1614
 1.615; 0.090; 1615
 1.616; 0.090; 1616
 1.617; 0.090; 1617
 1.618; 0.090; 1618
 1.619; 0.090; 1619
 1.620; 0.090; 1620
 1.621; 0.090; 1621
 1.622; 0.090; 1622
 1.623; 0.090; 1623
 1.624; 0.090; 1624
 1.625; 0.090; 1625
 1.626; 0.090; 1626
 1.627; 0.091; 1627
 1.628; 0.091; 1628
 1.629; 0.091; 1629
 1.630; 0.091; 1630
 1.631; 0.091; 1631
 1.632; 0.091; 1632
 1.633; 0.091; 1633
 1.634; 0.091; 1634
 1.635; 0.091; 1635
 1.636; 0.091; 1636
 1.637; 0.091; 1637
 1.638; 0.091; 1638
 1.639; 0.091; 1639
 1.640; 0.091; 1640
 1.641; 0.091; 1641
 1.642; 0.091; 1642
 1.643; 0.091; 1643
 1.644; 0.091; 1644
 1.645; 0.092; 1645
 1.646; 0.092; 1646
 1.647; 0.092; 1647
 1.648; 0.092; 1648
 1.649; 0.092; 1649
 1.650; 0.092; 1650
 1.651; 0.092; 1651
 1.652; 0.092; 1652
 1.653; 0.092; 1653
 1.654; 0.092; 1654
 1.655; 0.092; 1655
 1.656; 0.092; 1656
 1.657; 0.092; 1657
 1.658; 0.092; 1658
 1.659; 0.092; 1659
 1.660; 0.092; 1660
 1.661; 0.092; 1661
 1.662; 0.092; 1662
 1.663; 0.093; 1663
 1.664; 0.093; 1664
 1.665; 0.093; 1665
 1.666; 0.093; 1666
 1.667; 0.093; 1667
 1.668; 0.093; 1668
 1.669; 0.093; 1669
 1.670; 0.093; 1670
 1.671; 0.093; 1671
 1.672; 0.093; 1672
 1.673; 0.093; 1673
 1.674; 0.093; 1674
 1.675; 0.093; 1675
 1.676; 0.093; 1676
 1.677; 0.093; 1677
 1.678; 0.093; 1678
 1.679; 0.093; 1679
 1.680; 0.093; 1680
 1.681; 0.094; 1681
 1.682; 0.094; 1682
 1.683; 0.094; 1683
 1.684; 0.094; 1684
 1.685; 0.094; 1685
 1.686; 0.094; 1686
 1.687; 0.094; 1687
 1.688; 0.094; 1688
 1.689; 0.094; 1689
 1.690; 0.094; 1690
 1.691; 0.094; 1691
 1.692; 0.094; 1692
 1.693; 0.094; 1693
 1.694; 0.094; 1694
 1.695; 0.094; 1695
 1.696; 0.094; 1696
 1.697; 0.094; 1697
 1.698; 0.094; 1698
 1.699; 0.095; 1699
 1.700; 0.095; 1700
 1.701; 0.095; 1701
 1.702; 0.095; 1702
 1.703; 0.095; 1703
 1.704; 0.095; 1704
 1.705; 0.095; 1705
 1.706; 0.095; 1706
 1.707; 0.095; 1707
 1.708; 0.095; 1708
 1.709; 0.095; 1709
 1.710; 0.095; 1710
 1.711; 0.095; 1711
 1.712; 0.095; 1712
 1.713; 0.095; 1713
 1.714; 0.095; 1714
 1.715; 0.095; 1715
 1.716; 0.095; 1716
 1.717; 0.096; 1717
 1.718; 0.096; 1718
 1.719; 0.096; 1719
 1.720; 0.096; 1720
 1.721; 0.096; 1721
 1.722; 0.096; 1722
 1.723; 0.096; 1723
 1.724; 0.096; 1724
 1.725; 0.096; 1725
 1.726; 0.096; 1726
 1.727; 0.096; 1727
 1.728; 0.096; 1728
 1.729; 0.096; 1729
 1.730; 0.096; 1730
 1.731; 0.096; 1731
 1.732; 0.096; 1732
 1.733; 0.096; 1733
 1.734; 0.096; 1734
 1.735; 0.097; 1735
 1.736; 0.097; 1736
 1.737; 0.097; 1737
 1.738; 0.097; 1738
 1.739; 0.097; 1739
 1.740; 0.097; 1740
 1.741; 0.097; 1741
 1.742; 0.097; 1742
 1.743; 0.097; 1743
 1.744; 0.097; 1744
 1.745; 0.097; 1745
 1.746; 0.097; 1746
 1.747; 0.097; 1747
 1.748; 0.097; 1748
 1.749; 0.097; 1749
 1.750; 0.097; 1750
 1.751; 0.097; 1751
 1.752; 0.097; 1752
 1.753; 0.098; 1753
 1.754; 0.098; 1754
 1.755; 0.098; 1755
 1.756; 0.098; 1756
 1.757; 0.098; 1757
 1.758; 0.098; 1758
 1.759; 0.098; 1759
 1.760; 0.098; 1760
 1.761; 0.098; 1761
 1.762; 0.098; 1762
 1.763; 0.098; 1763
 1.764; 0.098; 1764
 1.765; 0.098; 1765
 1.766; 0.098; 1766
 1.767; 0.098; 1767
 1.768; 0.098; 1768
 1.769; 0.098; 1769
 1.770; 0.098; 1770
 1.771; 0.099; 1771
 1.772; 0.099; 1772
 1.773; 0.099; 1773
 1.774; 0.099; 1774
 1.775; 0.099; 1775
 1.776; 0.099; 1776
 1.777; 0.099; 1777
 1.778; 0.099; 1778
 1.779; 0.099; 1779
 1.780; 0.099; 1780
 1.781; 0.099; 1781
 1.782; 0.099; 1782
 1.783; 0.099; 1783
 1.784; 0.099; 1784
 1.785; 0.099; 1785
 1.786; 0.099; 1786
 1.787; 0.099; 1787
 1.788; 0.099; 1788
 1.789; 0.100; 1789
 1.790; 0.100; 1790
 1.791; 0.100; 1791
 1.792; 0.100; 1792
 1.793; 0.100; 1793
 1.794; 0.100; 1794
 1.795; 0.100; 1795
 1.796; 0.100; 1796
 1.797; 0.100; 1797
 1.798; 0.100; 1798
 1.799; 0.100; 1799
 1.800; 0.100; 1800
 1.801; 0.100; 1801
 1.802; 0.100; 1802
 1.803; 0.100; 1803
 1.804; 0.100; 1804
 1.805; 0.100; 1805
 1.806; 0.100; 1806
 1.807; 0.101; 1807
 1.808; 0.101; 1808
 1.809; 0.101; 1809
 1.810; 0.101; 1810
 1.811; 0.101; 1811
 1.812; 0.101; 1812
 1.813; 0.101; 1813
 1.814; 0.101; 1814
 1.815; 0.101; 1815
 1.816; 0.101; 1816
 1.817; 0.101; 1817
 1.818; 0.101; 1818
 1.819; 0.101; 1819
 1.820; 0.101; 1820
 1.821; 0.101; 1821
 1.822; 0.101; 1822
 1.823; 0.101; 1823
 1.824; 0.101; 1824
 1.825; 0.102; 1825
 1.826; 0.102; 1826
 1.827; 0.102; 1827
 1.828; 0.102; 1828
 1.829; 0.102; 1829
 1.830; 0.102; 1830
 1.831; 0.102; 1831
 1.832; 0.102; 1832
 1.833; 0.102; 1833
 1.834; 0.102; 1834
 1.835; 0.102; 1835
 1.836; 0.102; 1836
 1.837; 0.102; 1837
 1.838; 0.102; 1838
 1.839; 0.102; 1839
 1.840; 0.102; 1840
 1.841; 0.102; 1841
 1.842; 0.102; 1842
 1.843; 0.103; 1843
 1.844; 0.103; 1844
 1.845; 0.103; 1845
 1.846; 0.103; 1846
 1.847; 0.103; 1847
 1.848; 0.103; 1848
 1.849; 0.103; 1849
 1.850; 0.103; 1850
 1.851; 0.103; 1851
 1.852; 0.103; 1852
 1.853; 0.103; 1853
 1.854; 0.103; 1854
 1.855; 0.103; 1855
 1.856; 0.103; 1856
 1.857; 0.103; 1857
 1.858; 0.103; 1858
 1.859; 0.103; 1859
 1.860; 0.103; 1860
 1.861; 0.104; 1861
 1.862; 0.104; 1862
 1.863; 0.104; 1863
 1.864; 0.104; 1864
 1.865; 0.104; 1865
 1.866; 0.104; 1866
 1.867; 0.104; 1867
 1.868; 0.104; 1868
 1.869; 0.104; 1869
 1.870; 0.104; 1870
 1.871; 0.104; 1871
 1.872; 0.104; 1872
 1.873; 0.104; 1873
 1.874; 0.104; 1874
 1.875; 0.104; 1875
 1.876; 0.104; 1876
 1.877; 0.104; 1877
 1.878; 0.104; 1878
 1.879; 0.105; 1879
 1.880; 0.105; 1880
 1.881; 0.105; 1881
 1.882; 0.105; 1882
 1.883; 0.105; 1883
 1.884; 0.105; 1884
 1.885; 0.105; 1885
 1.886; 0.105; 1886
 1.887; 0.105; 1887
 1.888; 0.105; 1888
 1.889; 0.105; 1889
 1.890; 0.105; 1890
 1.891; 0.105; 1891
 1.892; 0.105; 1892
 1.893; 0.105; 1893
 1.894; 0.105; 1894
 1.895; 0.105; 1895
 1.896; 0.105; 1896
 1.897; 0.106; 1897
 1.898; 0.106; 1898
 1.899; 0.106; 1899
 1.900; 0.106; 1900
 1.901; 0.106; 1901
 1.902; 0.106; 1902
 1.903; 0.106; 1903
 1.904; 0.106; 1904
 1.905; 0.106; 1905
 1.906; 0.106; 1906
 1.907; 0.106; 1907
 1.908; 0.106; 1908
 1.909; 0.106; 1909
 1.910; 0.106; 1910
 1.911; 0.106; 1911
 1.912; 0.106; 1912
 1.913; 0.106; 1913
 1.914; 0.106; 1914
 1.915; 0.107; 1915
 1.916; 0.107; 1916
 1.917; 0.107; 1917
 1.918; 0.107; 1918
 1.919; 0.107; 1919
 1.920; 0.107; 1920
 1.921; 0.107; 1921
 1.922; 0.107; 1922
 1.923; 0.107; 1923
 1.924; 0.107; 1924
 1.925; 0.107; 1925
 1.926; 0.107; 1926
 1.927; 0.107; 1927
 1.928; 0.107; 1928
 1.929; 0.107; 1929
 1.930; 0.107; 1930
 1.931; 0.107; 1931
 1.932; 0.107; 1932
 1.933; 0.108; 1933
 1.934; 0.108; 1934
 1.935; 0.108; 1935
 1.936; 0.108; 1936
 1.937; 0.108; 1937
 1.938; 0.108; 1938
 1.939; 0.108; 1939
 1.940; 0.108; 1940
 1.941; 0.108; 1941
 1.942; 0.108; 1942
 1.943; 0.108; 1943
 1.944; 0.108; 1944
 1.945; 0.108; 1945
 1.946; 0.108; 1946
 1.947; 0.108; 1947
 1.948; 0.108; 1948
 1.949; 0.108; 1949
 1.950; 0.108; 1950
 1.951; 0.109; 1951
 1.952; 0.109; 1952
 1.953; 0.109; 1953
 1.954; 0.109; 1954
 1.955; 0.109; 1955
 1.956; 0.109; 1956
 1.957; 0.109; 1957
 1.958; 0.109; 1958
 1.959; 0.109; 1959
 1.960; 0.109; 1960
 1.961; 0.109; 1961
 1.962; 0.109; 1962
 1.963; 0.109; 1963
 1.964; 0.109; 1964
 1.965; 0.109; 1965
 1.966; 0.109; 1966
 1.967; 0.109; 1967
 1.968; 0.109; 1968
 1.969; 0.110; 1969
 1.970; 0.110; 1970
 1.971; 0.110; 1971
 1.972; 0.110; 1972
 1.973; 0.110; 1973
 1.974; 0.110; 1974
 1.975; 0.110; 1975
 1.976; 0.110; 1976
 1.977; 0.110; 1977
 1.978; 0.110; 1978
 1.979; 0.110; 1979
 1.980; 0.110; 1980
 1.981; 0.110; 1981
 1.982; 0.110; 1982
 1.983; 0.110; 1983
 1.984; 0.110; 1984
 1.985; 0.110; 1985
 1.986; 0.110; 1986
 1.987; 0.111; 1987
 1.988; 0.111; 1988
 1.989; 0.111; 1989
 1.990; 0.111; 1990
 1.991; 0.111; 1991
 1.992; 0.111; 1992
 1.993; 0.111; 1993
 1.994; 0.111; 1994
 1.995; 0.111; 1995
 1.996; 0.111; 1996
 1.997; 0.111; 1997
 1.998; 0.111; 1998
 1.999; 0.111; 1999
 2.000; 0.111; 2000
 2.001; 0.111; 2001
 2.002; 0.111; 2002
 2.003; 0.111; 2003
 2.004; 0.111; 2004
 2.005; 0.112; 2005
 2.006; 0.112; 2006
 2.007; 0.112; 2007
 2.008; 0.112; 2008
 2.009; 0.112; 2009
 2.010; 0.112; 2010
 2.011; 0.112; 2011
 2.012; 0.112; 2012
 2.013; 0.112; 2013
 2.014; 0.112; 2014
 2.015; 0.112; 2015
 2.016; 0.112; 2016
 2.017; 0.112; 2017
 2.018; 0.112; 2018
 2.019; 0.112; 2019
 2.020; 0.112; 2020
 2.021; 0.112; 2021
 2.022; 0.112; 2022
 2.023; 0.113; 2023
 2.024; 0.113; 2024
 2.025; 0.113; 2025
 2.026; 0.113; 2026
 2.027; 0.113; 2027
 2.028; 0.113; 2028
 2.029; 0.113; 2029
 2.030; 0.113; 2030
 2.031; 0.113; 2031
 2.032; 0.113; 2032
 2.033; 0.113; 2033
 2.034; 0.113; 2034
 2.035; 0.113; 2035
 2.036; 0.113; 2036
 2.037; 0.113; 2037
 2.038; 0.113; 2038
 2.039; 0.113; 2039
 2.040; 0.113; 2040
 2.041; 0.114; 2041
 2.042; 0.114; 2042
 2.043; 0.114; 2043
 2.044; 0.114; 2044
 2.045; 0.114; 2045
 2.046; 0.114; 2046
 2.047; 0.114; 2047
 2.048; 0.114; 2048
 2.049; 0.114; 2049
 2.050; 0.114; 2050
 2.051; 0.114; 2051
 2.052; 0.114; 2052
 2.053; 0.114; 2053
 2.054; 0.114; 2054
 2.055; 0.114; 2055
 2.056; 0.114; 2056
 2.057; 0.114; 2057
 2.058; 0.114; 2058
 2.059; 0.115; 2059
 2.060; 0.115; 2060
 2.061; 0.115; 2061
 2.062; 0.115; 2062
 2.063; 0.115; 2063
 2.064; 0.115; 2064
 2.065; 0.115; 2065
 2.066; 0.115; 2066
 2.067; 0.115; 2067
 2.068; 0.115; 2068
 2.069; 0.115; 2069
 2.070; 0.115; 2070
 2.071; 0.115; 2071
 2.072; 0.115; 2072
 2.073; 0.115; 2073
 2.074; 0.115; 2074
 2.075; 0.115; 2075
 2.076; 0.115; 2076
 2.077; 0.116; 2077
 2.078; 0.116; 2078
 2.079; 0.116; 2079
 2.080; 0.116; 2080
 2.081; 0.116; 2081
 2.082; 0.116; 2082
 2.083; 0.116; 2083
 2.084; 0.116; 2084
 2.085; 0.116; 2085
 2.086; 0.116; 2086
 2.087; 0.116; 2087
 2.088; 0.116; 2088
 2.089; 0.116; 2089
 2.090; 0.116; 2090
 2.091; 0.116; 2091
 2.092; 0.116; 2092
 2.093; 0.116; 2093
 2.094; 0.116; 2094
 2.095; 0.117; 2095
 2.096; 0.117; 2096
 2.097; 0.117; 2097
 2.098; 0.117; 2098
 2.099; 0.117; 2099
 2.100; 0.117; 2100
 2.101; 0.117; 2101
 2.102; 0.117; 2102
 2.103; 0.117; 2103
 2.104; 0.117; 2104
 2.105; 0.117; 2105
 2.106; 0.117; 2106
 2.107; 0.117; 2107
 2.108; 0.117; 2108
 2.109; 0.117; 2109
 2.110; 0.117; 2110
 2.111; 0.117; 2111
 2.112; 0.117; 2112
 2.113; 0.118; 2113
 2.114; 0.118; 2114
 2.115; 0.118; 2115
 2.116; 0.118; 2116
 2.117; 0.118; 2117
 2.118; 0.118; 2118
 2.119; 0.118; 2119
 2.120; 0.118; 2120
 2.121; 0.118; 2121
 2.122; 0.118; 2122
 2.123; 0.118; 2123
 2.124; 0.118; 2124
 2.125; 0.118; 2125
 2.126; 0.118; 2126
 2.127; 0.118; 2127
 2.128; 0.118; 2128
 2.129; 0.118; 2129
 2.130; 0.118; 2130
 2.131; 0.119; 2131
 2.132; 0.119; 2132
 2.133; 0.119; 2133
 2.134; 0.119; 2134
 2.135; 0.119; 2135
 2.136; 0.119; 2136
 2.137; 0.119; 2137
 2.138; 0.119; 2138
 2.139; 0.119; 2139
 2.140; 0.119; 2140
 2.141; 0.119; 2141
 2.142; 0.119; 2142
 2.143; 0.119; 2143
 2.144; 0.119; 2144
 2.145; 0.119; 2145
 2.146; 0.119; 2146
 2.147; 0.119; 2147
 2.148; 0.119; 2148
 2.149; 0.120; 2149
 2.150; 0.120; 2150
 2.151; 0.120; 2151
 2.152; 0.120; 2152
 2.153; 0.120; 2153
 2.154; 0.120; 2154
 2.155; 0.120; 2155
 2.156; 0.120; 2156
 2.157; 0.120; 2157
 2.158; 0.120; 2158
 2.159; 0.120; 2159
 2.160; 0.120; 2160
 2.161; 0.120; 2161
 2.162; 0.120; 2162
 2.163; 0.120; 2163
 2.164; 0.120; 2164
 2.165; 0.120; 2165
 2.166; 0.120; 2166
 2.167; 0.121; 2167
 2.168; 0.121; 2168
 2.169; 0.121; 2169
 2.170; 0.121; 2170
 2.171; 0.121; 2171
 2.172; 0.121; 2172
 2.173; 0.121; 2173
 2.174; 0.121; 2174
 2.175; 0.121; 2175
 2.176; 0.121; 2176
 2.177; 0.121; 2177
 2.178; 0.121; 2178
 2.179; 0.121; 2179
 2.180; 0.121; 2180
 2.181; 0.121; 2181
 2.182; 0.121; 2182
 2.183; 0.121; 2183
 2.184; 0.121; 2184
 2.185; 0.122; 2185
 2.186; 0.122; 2186
 2.187; 0.122; 2187
 2.188; 0.122; 2188
 2.189; 0.122; 2189
 2.190; 0.122; 2190
 2.191; 0.122; 2191
 2.192; 0.122; 2192
 2.193; 0.122; 2193
 2.194; 0.122; 2194
 2.195; 0.122; 2195
 2.196; 0.122; 2196
 2.197; 0.122; 2197
 2.198; 0.122; 2198
 2.199; 0.122; 2199
 2.200; 0.122; 2200
 2.201; 0.122; 2201
 2.202; 0.122; 2202
 2.203; 0.123; 2203
 2.204; 0.123; 2204
 2.205; 0.123; 2205
 2.206; 0.123; 2206
 2.207; 0.123; 2207
 2.208; 0.123; 2208
 2.209; 0.123; 2209
 2.210; 0.123; 2210
 2.211; 0.123; 2211
 2.212; 0.123; 2212
 2.213; 0.123; 2213
 2.214; 0.123; 2214
 2.215; 0.123; 2215
 2.216; 0.123; 2216
 2.217; 0.123; 2217
 2.218; 0.123; 2218
 2.219; 0.123; 2219
 2.220; 0.123; 2220
 2.221; 0.124; 2221
 2.222; 0.124; 2222
 2.223; 0.124; 2223
 2.224; 0.124; 2224
 2.225; 0.124; 2225
 2.226; 0.124; 2226
 2.227; 0.124; 2227
 2.228; 0.124; 2228
 2.229; 0.124; 2229
 2.230; 0.124; 2230
 2.231; 0.124; 2231
 2.232; 0.124; 2232
 2.233; 0.124; 2233
 2.234; 0.124; 2234
 2.235; 0.124; 2235
 2.236; 0.124; 2236
 2.237; 0.124; 2237
 2.238; 0.124; 2238
 2.239; 0.125; 2239
 2.240; 0.125; 2240
 2.241; 0.125; 2241
 2.242; 0.125; 2242
 2.243; 0.125; 2243
 2.244; 0.125; 2244
 2.245; 0.125; 2245
 2.246; 0.125; 2246
 2.247; 0.125; 2247
 2.248; 0.125; 2248
 2.249; 0.125; 2249
 2.250; 0.125; 2250
 2.251; 0.125; 2251
 2.252; 0.125; 2252
 2.253; 0.125; 2253
 2.254; 0.125; 2254
 2.255; 0.125; 2255
 2.256; 0.125; 2256
 2.257; 0.126; 2257
 2.258; 0.126; 2258
 2.259; 0.126; 2259
 2.260; 0.126; 2260
 2.261; 0.126; 2261
 2.262; 0.126; 2262
 2.263; 0.126; 2263
 2.264; 0.126; 2264
 2.265; 0.126; 2265
 2.266; 0.126; 2266
 2.267; 0.126; 2267
 2.268; 0.126; 2268
 2.269; 0.126; 2269
 2.270; 0.126; 2270
 2.271; 0.126; 2271
 2.272; 0.126; 2272
 2.273; 0.126; 2273
 2.274; 0.126; 2274
 2.275; 0.127; 2275
 2.276; 0.127; 2276
 2.277; 0.127; 2277
 2.278; 0.127; 2278
 2.279; 0.127; 2279
 2.280; 0.127; 2280
 2.281; 0.127; 2281
 2.282; 0.127; 2282
 2.283; 0.127; 2283
 2.284; 0.127; 2284
 2.285; 0.127; 2285
 2.286; 0.127; 2286
 2.287; 0.127; 2287
 2.288; 0.127; 2288
 2.289; 0.127; 2289
 2.290; 0.127; 2290
 2.291; 0.127; 2291
 2.292; 0.127; 2292
 2.293; 0.128; 2293
 2.294; 0.128; 2294
 2.295; 0.128; 2295
 2.296; 0.128; 2296
 2.297; 0.128; 2297
 2.298; 0.128; 2298
 2.299; 0.128; 2299
 2.300; 0.128; 2300
 2.301; 0.128; 2301
 2.302; 0.128; 2302
 2.303; 0.128; 2303
 2.304; 0.128; 2304
 2.305; 0.128; 2305
 2.306; 0.128; 2306
 2.307; 0.128; 2307
 2.308; 0.128; 2308
 2.309; 0.128; 2309
 2.310; 0.128; 2310
 2.311; 0.129; 2311
 2.312; 0.129; 2312
 2.313; 0.129; 2313
 2.314; 0.129; 2314
 2.315; 0.129; 2315
 2.316; 0.129; 2316
 2.317; 0.129; 2317
 2.318; 0.129; 2318
 2.319; 0.129; 2319
 2.320; 0.129; 2320
 2.321; 0.129; 2321
 2.322; 0.129; 2322
 2.323; 0.129; 2323
 2.324; 0.129; 2324
 2.325; 0.129; 2325
 2.326; 0.129; 2326
 2.327; 0.129; 2327
 2.328; 0.129; 2328
 2.329; 0.130; 2329
 2.330; 0.130; 2330
 2.331; 0.130; 2331
 2.332; 0.130; 2332
 2.333; 0.130; 2333
 2.334; 0.130; 2334
 2.335; 0.130; 2335
 2.336; 0.130; 2336
 2.337; 0.130; 2337
 2.338; 0.130; 2338
 2.339; 0.130; 2339
 2.340; 0.130; 2340
 2.341; 0.130; 2341
 2.342; 0.130; 2342
 2.343; 0.130; 2343
 2.344; 0.130; 2344
 2.345; 0.130; 2345
 2.346; 0.130; 2346
 2.347; 0.131; 2347
 2.348; 0.131; 2348
 2.349; 0.131; 2349
 2.350; 0.131; 2350
 2.351; 0.131; 2351
 2.352; 0.131; 2352
 2.353; 0.131; 2353
 2.354; 0.131; 2354
 2.355; 0.131; 2355
 2.356; 0.131; 2356
 2.357; 0.131; 2357
 2.358; 0.131; 2358
 2.359; 0.131; 2359
 2.360; 0.131; 2360
 2.361; 0.131; 2361
 2.362; 0.131; 2362
 2.363; 0.131; 2363
 2.364; 0.131; 2364
 2.365; 0.132; 2365
 2.366; 0.132; 2366
 2.367; 0.132; 2367
 2.368; 0.132; 2368
 2.369; 0.132; 2369
 2.370; 0.132; 2370
 2.371; 0.132; 2371
 2.372; 0.132; 2372
 2.373; 0.132; 2373
 2.374; 0.132; 2374
 2.375; 0.132; 2375
 2.376; 0.132; 2376
 2.377; 0.132; 2377
 2.378; 0.132; 2378
 2.379; 0.132; 2379
 2.380; 0.132; 2380
 2.381; 0.132; 2381
 2.382; 0.132; 2382
 2.383; 0.133; 2383
 2.384; 0.133; 2384
 2.385; 0.133; 2385
 2.386; 0.133; 2386
 2.387; 0.133; 2387
 2.388; 0.133; 2388
 2.389; 0.133; 2389
 2.390; 0.133; 2390
 2.391; 0.133; 2391
 2.392; 0.133; 2392
 2.393; 0.133; 2393
 2.394; 0.133; 2394
 2.395; 0.133; 2395
 2.396; 0.133; 2396
 2.397; 0.133; 2397
 2.398; 0.133; 2398
 2.399; 0.133; 2399
 2.400; 0.133; 2400
 2.401; 0.134; 2401
 2.402; 0.134; 2402
 2.403; 0.134; 2403
 2.404; 0.134; 2404
 2.405; 0.134; 2405
 2.406; 0.134; 2406
 2.407; 0.134; 2407
 2.408; 0.134; 2408
 2.409; 0.134; 2409
 2.410; 0.134; 2410
 2.411; 0.134; 2411
 2.412; 0.134; 2412
 2.413; 0.134; 2413
 2.414; 0.134; 2414
 2.415; 0.134; 2415
 2.416; 0.134; 2416
 2.417; 0.134; 2417
 2.418; 0.134; 2418
 2.419; 0.135; 2419
 2.420; 0.135; 2420
 2.421; 0.135; 2421
 2.422; 0.135; 2422
 2.423; 0.135; 2423
 2.424; 0.135; 2424
 2.425; 0.135; 2425
 2.426; 0.135; 2426
 2.427; 0.135; 2427
 2.428; 0.135; 2428
 2.429; 0.135; 2429
 2.430; 0.135; 2430
 2.431; 0.135; 2431
 2.432; 0.135; 2432
 2.433; 0.135; 2433
 2.434; 0.135; 2434
 2.435; 0.135; 2435
 2.436; 0.135; 2436
 2.437; 0.136; 2437
 2.438; 0.136; 2438
 2.439; 0.136; 2439
 2.440; 0.136; 2440
 2.441; 0.136; 2441
 2.442; 0.136; 2442
 2.443; 0.136; 2443
 2.444; 0.136; 2444
 2.445; 0.136; 2445
 2.446; 0.136; 2446
 2.447; 0.136; 2447
 2.448; 0.136; 2448
 2.449; 0.136; 2449
 2.450; 0.136; 2450
 2.451; 0.136; 2451
 2.452; 0.136; 2452
 2.453; 0.136; 2453
 2.454; 0.136; 2454
 2.455; 0.137; 2455
 2.456; 0.137; 2456
 2.457; 0.137; 2457
 2.458; 0.137; 2458
 2.459; 0.137; 2459
 2.460; 0.137; 2460
 2.461; 0.137; 2461
 2.462; 0.137; 2462
 2.463; 0.137; 2463
 2.464; 0.137; 2464
 2.465; 0.137; 2465
 2.466; 0.137; 2466
 2.467; 0.137; 2467
 2.468; 0.137; 2468
 2.469; 0.137; 2469
 2.470; 0.137; 2470
 2.471; 0.137; 2471
 2.472; 0.137; 2472
 2.473; 0.138; 2473
 2.474; 0.138; 2474
 2.475; 0.138; 2475
 2.476; 0.138; 2476
 2.477; 0.138; 2477
 2.478; 0.138; 2478
 2.479; 0.138; 2479
 2.480; 0.138; 2480
 2.481; 0.138; 2481
 2.482; 0.138; 2482
 2.483; 0.138; 2483
 2.484; 0.138; 2484
 2.485; 0.138; 2485
 2.486; 0.138; 2486
 2.487; 0.138; 2487
 2.488; 0.138; 2488
 2.489; 0.138; 2489
 2.490; 0.138; 2490
 2.491; 0.139; 2491
 2.492; 0.139; 2492
 2.493; 0.139; 2493
 2.494; 0.139; 2494
 2.495; 0.139; 2495
 2.496; 0.139; 2496
 2.497; 0.139; 2497
 2.498; 0.139; 2498
 2.499; 0.139; 2499
 2.500; 0.139; 2500
 2.501; 0.139; 2501
 2.502; 0.139; 2502
 2.503; 0.139; 2503
 2.504; 0.139; 2504
 2.505; 0.139; 2505
 2.506; 0.139; 2506
 2.507; 0.139; 2507
 2.508; 0.139; 2508
 2.509; 0.140; 2509
 2.510; 0.140; 2510
 2.511; 0.140; 2511
 2.512; 0.140; 2512
 2.513; 0.140; 2513
 2.514; 0.140; 2514
 2.515; 0.140; 2515
 2.516; 0.140; 2516
 2.517; 0.140; 2517
 2.518; 0.140; 2518
 2.519; 0.140; 2519
 2.520; 0.140; 2520
 2.521; 0.140; 2521
 2.522; 0.140; 2522
 2.523; 0.140; 2523
 2.524; 0.140; 2524
 2.525; 0.140; 2525
 2.526; 0.140; 2526
 2.527; 0.141; 2527
 2.528; 0.141; 2528
 2.529; 0.141; 2529
 2.530; 0.141; 2530
 2.531; 0.141; 2531
 2.532; 0.141; 2532
 2.533; 0.141; 2533
 2.534; 0.141; 2534
 2.535; 0.141; 2535
 2.536; 0.141; 2536
 2.537; 0.141; 2537
 2.538; 0.141; 2538
 2.539; 0.141; 2539
 2.540; 0.141; 2540
 2.541; 0.141; 2541
 2.542; 0.141; 2542
 2.543; 0.141; 2543
 2.544; 0.141; 2544
 2.545; 0.142; 2545
 2.546; 0.142; 2546
 2.547; 0.142; 2547
 2.548; 0.142; 2548
 2.549; 0.142; 2549
 2.550; 0.142; 2550
 2.551; 0.142; 2551
 2.552; 0.142; 2552
 2.553; 0.142; 2553
 2.554; 0.142; 2554
 2.555; 0.142; 2555
 2.556; 0.142; 2556
 2.557; 0.142; 2557
 2.558; 0.142; 2558
 2.559; 0.142; 2559
 2.560; 0.142; 2560
 2.561; 0.142; 2561
 2.562; 0.142; 2562
 2.563; 0.143; 2563
 2.564; 0.143; 2564
 2.565; 0.143; 2565
 2.566; 0.143; 2566
 2.567; 0.143; 2567
 2.568; 0.143; 2568
 2.569; 0.143; 2569
 2.570; 0.143; 2570
 2.571; 0.143; 2571
 2.572; 0.143; 2572
 2.573; 0.143; 2573
 2.574; 0.143; 2574
 2.575; 0.143; 2575
 2.576; 0.143; 2576
 2.577; 0.143; 2577
 2.578; 0.143; 2578
 2.579; 0.143; 2579
 2.580; 0.143; 2580
 2.581; 0.144; 2581
 2.582; 0.144; 2582
 2.583; 0.144; 2583
 2.584; 0.144; 2584
 2.585; 0.144; 2585
 2.586; 0.144; 2586
 2.587; 0.144; 2587
 2.588; 0.144; 2588
 2.589; 0.144; 2589
 2.590; 0.144; 2590
 2.591; 0.144; 2591
 2.592; 0.144; 2592
 2.593; 0.144; 2593
 2.594; 0.144; 2594
 2.595; 0.144; 2595
 2.596; 0.144; 2596
 2.597; 0.144; 2597
 2.598; 0.144; 2598
 2.599; 0.145; 2599
 2.600; 0.145; 2600
 2.601; 0.145; 2601
 2.602; 0.145; 2602
 2.603; 0.145; 2603
 2.604; 0.145; 2604
 2.605; 0.145; 2605
 2.606; 0.145; 2606
 2.607; 0.145; 2607
 2.608; 0.145; 2608
 2.609; 0.145; 2609
 2.610; 0.145; 2610
 2.611; 0.145; 2611
 2.612; 0.145; 2612
 2.613; 0.145; 2613
 2.614; 0.145; 2614
 2.615; 0.145; 2615
 2.616; 0.145; 2616
 2.617; 0.146; 2617
 2.618; 0.146; 2618
 2.619; 0.146; 2619
 2.620; 0.146; 2620
 2.621; 0.146; 2621
 2.622; 0.146; 2622
 2.623; 0.146; 2623
 2.624; 0.146; 2624
 2.625; 0.146; 2625
 2.626; 0.146; 2626
 2.627; 0.146; 2627
 2.628; 0.146; 2628
 2.629; 0.146; 2629
 2.630; 0.146; 2630
 2.631; 0.146; 2631
 2.632; 0.146; 2632
 2.633; 0.146; 2633
 2.634; 0.146; 2634
 2.635; 0.147; 2635
 2.636; 0.147; 2636
 2.637; 0.147; 2637
 2.638; 0.147; 2638
 2.639; 0.147; 2639
 2.640; 0.147; 2640
 2.641; 0.147; 2641
 2.642; 0.147; 2642
 2.643; 0.147; 2643
 2.644; 0.147; 2644
 2.645; 0.147; 2645
 2.646; 0.147; 2646
 2.647; 0.147; 2647
 2.648; 0.147; 2648
 2.649; 0.147; 2649
 2.650; 0.147; 2650
 2.651; 0.147; 2651
 2.652; 0.147; 2652
 2.653; 0.148; 2653
 2.654; 0.148; 2654
 2.655; 0.148; 2655
 2.656; 0.148; 2656
 2.657; 0.148; 2657
 2.658; 0.148; 2658
 2.659; 0.148; 2659
 2.660; 0.148; 2660
 2.661; 0.148; 2661
 2.662; 0.148; 2662
 2.663; 0.148; 2663
 2.664; 0.148; 2664
 2.665; 0.148; 2665
 2.666; 0.148; 2666
 2.667; 0.148; 2667
 2.668; 0.148; 2668
 2.669; 0.148; 2669
 2.670; 0.148; 2670
 2.671; 0.149; 2671
 2.672; 0.149; 2672
 2.673; 0.149; 2673
 2.674; 0.149; 2674
 2.675; 0.149; 2675
 2.676; 0.149; 2676
 2.677; 0.149; 2677
 2.678; 0.149; 2678
 2.679; 0.149; 2679
 2.680; 0.149; 2680
 2.681; 0.149; 2681
 2.682; 0.149; 2682
 2.683; 0.149; 2683
 2.684; 0.149; 2684
 2.685; 0.149; 2685
 2.686; 0.149; 2686
 2.687; 0.149; 2687
 2.688; 0.149; 2688
 2.689; 0.150; 2689
 2.690; 0.150; 2690
 2.691; 0.150; 2691
 2.692; 0.150; 2692
 2.693; 0.150; 2693
 2.694; 0.150; 2694
 2.695; 0.150; 2695
 2.696; 0.150; 2696
 2.697; 0.150; 2697
 2.698; 0.150; 2698
 2.699; 0.150; 2699
 2.700; 0.150; 2700
 2.701; 0.150; 2701
 2.702; 0.150; 2702
 2.703; 0.150; 2703
 2.704; 0.150; 2704
 2.705; 0.150; 2705
 2.706; 0.150; 2706
 2.707; 0.151; 2707
 2.708; 0.151; 2708
 2.709; 0.151; 2709
 2.710; 0.151; 2710
 2.711; 0.151; 2711
 2.712; 0.151; 2712
 2.713; 0.151; 2713
 2.714; 0.151; 2714
 2.715; 0.151; 2715
 2.716; 0.151; 2716
 2.717; 0.151; 2717
 2.718; 0.151; 2718
 2.719; 0.151; 2719
 2.720; 0.151; 2720
 2.721; 0.151; 2721
 2.722; 0.151; 2722
 2.723; 0.151; 2723
 2.724; 0.151; 2724
 2.725; 0.152; 2725
 2.726; 0.152; 2726
 2.727; 0.152; 2727
 2.728; 0.152; 2728
 2.729; 0.152; 2729
 2.730; 0.152; 2730
 2.731; 0.152; 2731
 2.732; 0.152; 2732
 2.733; 0.152; 2733
 2.734; 0.152; 2734
 2.735; 0.152; 2735
 2.736; 0.152; 2736
 2.737; 0.152; 2737
 2.738; 0.152; 2738
 2.739; 0.152; 2739
 2.740; 0.152; 2740
 2.741; 0.152; 2741
 2.742; 0.152; 2742
 2.743; 0.153; 2743
 2.744; 0.153; 2744
 2.745; 0.153; 2745
 2.746; 0.153; 2746
 2.747; 0.153; 2747
 2.748; 0.153; 2748
 2.749; 0.153; 2749
 2.750; 0.153; 2750
 2.751; 0.153; 2751
 2.752; 0.153; 2752
 2.753; 0.153; 2753
 2.754; 0.153; 2754
 2.755; 0.153; 2755
 2.756; 0.153; 2756
 2.757; 0.153; 2757
 2.758; 0.153; 2758
 2.759; 0.153; 2759
 2.760; 0.153; 2760
 2.761; 0.154; 2761
 2.762; 0.154; 2762
 2.763; 0.154; 2763
 2.764; 0.154; 2764
 2.765; 0.154; 2765
 2.766; 0.154; 2766
 2.767; 0.154; 2767
 2.768; 0.154; 2768
 2.769; 0.154; 2769
 2.770; 0.154; 2770
 2.771; 0.154; 2771
 2.772; 0.154; 2772
 2.773; 0.154; 2773
 2.774; 0.154; 2774
 2.775; 0.154; 2775
 2.776; 0.154; 2776
 2.777; 0.154; 2777
 2.778; 0.154; 2778
 2.779; 0.155; 2779
 2.780; 0.155; 2780
 2.781; 0.155; 2781
 2.782; 0.155; 2782
 2.783; 0.155; 2783
 2.784; 0.155; 2784
 2.785; 0.155; 2785
 2.786; 0.155; 2786
 2.787; 0.155; 2787
 2.788; 0.155; 2788
 2.789; 0.155; 2789
 2.790; 0.155; 2790
 2.791; 0.155; 2791
 2.792; 0.155; 2792
 2.793; 0.155; 2793
 2.794; 0.155; 2794
 2.795; 0.155; 2795
 2.796; 0.155; 2796
 2.797; 0.156; 2797
 2.798; 0.156; 2798
 2.799; 0.156; 2799
 2.800; 0.156; 2800
 2.801; 0.156; 2801
 2.802; 0.156; 2802
 2.803; 0.156; 2803
 2.804; 0.156; 2804
 2.805; 0.156; 2805
 2.806; 0.156; 2806
 2.807; 0.156; 2807
 2.808; 0.156; 2808
 2.809; 0.156; 2809
 2.810; 0.156; 2810
 2.811; 0.156; 2811
 2.812; 0.156; 2812
 2.813; 0.156; 2813
 2.814; 0.156; 2814
 2.815; 0.157; 2815
 2.816; 0.157; 2816
 2.817; 0.157; 2817
 2.818; 0.157; 2818
 2.819; 0.157; 2819
 2.820; 0.157; 2820
 2.821; 0.157; 2821
 2.822; 0.157; 2822
 2.823; 0.157; 2823
 2.824; 0.157; 2824
 2.825; 0.157; 2825
 2.826; 0.157; 2826
 2.827; 0.157; 2827
 2.828; 0.157; 2828
 2.829; 0.157; 2829
 2.830; 0.157; 2830
 2.831; 0.157; 2831
 2.832; 0.157; 2832
 2.833; 0.158; 2833
 2.834; 0.158; 2834
 2.835; 0.158; 2835
 2.836; 0.158; 2836
 2.837; 0.158; 2837
 2.838; 0.158; 2838
 2.839; 0.158; 2839
 2.840; 0.158; 2840
 2.841; 0.158; 2841
 2.842; 0.158; 2842
 2.843; 0.158; 2843
 2.844; 0.158; 2844
 2.845; 0.158; 2845
 2.846; 0.158; 2846
 2.847; 0.158; 2847
 2.848; 0.158; 2848
 2.849; 0.158; 2849
 2.850; 0.158; 2850
 2.851; 0.159; 2851
 2.852; 0.159; 2852
 2.853; 0.159; 2853
 2.854; 0.159; 2854
 2.855; 0.159; 2855
 2.856; 0.159; 2856
 2.857; 0.159; 2857
 2.858; 0.159; 2858
 2.859; 0.159; 2859
 2.860; 0.159; 2860
 2.861; 0.159; 2861
 2.862; 0.159; 2862
 2.863; 0.159; 2863
 2.864; 0.159; 2864
 2.865; 0.159; 2865
 2.866; 0.159; 2866
 2.867; 0.159; 2867
 2.868; 0.159; 2868
 2.869; 0.160; 2869
 2.870; 0.160; 2870
 2.871; 0.160; 2871
 2.872; 0.160; 2872
 2.873; 0.160; 2873
 2.874; 0.160; 2874
 2.875; 0.160; 2875
 2.876; 0.160; 2876
 2.877; 0.160; 2877
 2.878; 0.160; 2878
 2.879; 0.160; 2879
 2.880; 0.160; 2880
 2.881; 0.160; 2881
 2.882; 0.160; 2882
 2.883; 0.160; 2883
 2.884; 0.160; 2884
 2.885; 0.160; 2885
 2.886; 0.160; 2886
 2.887; 0.161; 2887
 2.888; 0.161; 2888
 2.889; 0.161; 2889
 2.890; 0.161; 2890
 2.891; 0.161; 2891
 2.892; 0.161; 2892
 2.893; 0.161; 2893
 2.894; 0.161; 2894
 2.895; 0.161; 2895
 2.896; 0.161; 2896
 2.897; 0.161; 2897
 2.898; 0.161; 2898
 2.899; 0.161; 2899
 2.900; 0.161; 2900
 2.901; 0.161; 2901
 2.902; 0.161; 2902
 2.903; 0.161; 2903
 2.904; 0.161; 2904
 2.905; 0.162; 2905
 2.906; 0.162; 2906
 2.907; 0.162; 2907
 2.908; 0.162; 2908
 2.909; 0.162; 2909
 2.910; 0.162; 2910
 2.911; 0.162; 2911
 2.912; 0.162; 2912
 2.913; 0.162; 2913
 2.914; 0.162; 2914
 2.915; 0.162; 2915
 2.916; 0.162; 2916
 2.917; 0.162; 2917
 2.918; 0.162; 2918
 2.919; 0.162; 2919
 2.920; 0.162; 2920
 2.921; 0.162; 2921
 2.922; 0.162; 2922
 2.923; 0.163; 2923
 2.924; 0.163; 2924
 2.925; 0.163; 2925
 2.926; 0.163; 2926
 2.927; 0.163; 2927
 2.928; 0.163; 2928
 2.929; 0.163; 2929
 2.930; 0.163; 2930
 2.931; 0.163; 2931
 2.932; 0.163; 2932
 2.933; 0.163; 2933
 2.934; 0.163; 2934
 2.935; 0.163; 2935
 2.936; 0.163; 2936
 2.937; 0.163; 2937
 2.938; 0.163; 2938
 2.939; 0.163; 2939
 2.940; 0.163; 2940
 2.941; 0.164; 2941
 2.942; 0.164; 2942
 2.943; 0.164; 2943
 2.944; 0.164; 2944
 2.945; 0.164; 2945
 2.946; 0.164; 2946
 2.947; 0.164; 2947
 2.948; 0.164; 2948
 2.949; 0.164; 2949
 2.950; 0.164; 2950
 2.951; 0.164; 2951
 2.952; 0.164; 2952
 2.953; 0.164; 2953
 2.954; 0.164; 2954
 2.955; 0.164; 2955
 2.956; 0.164; 2956
 2.957; 0.164; 2957
 2.958; 0.164; 2958
 2.959; 0.165; 2959
 2.960; 0.165; 2960
 2.961; 0.165; 2961
 2.962; 0.165; 2962
 2.963; 0.165; 2963
 2.964; 0.165; 2964
 2.965; 0.165; 2965
 2.966; 0.165; 2966
 2.967; 0.165; 2967
 2.968; 0.165; 2968
 2.969; 0.165; 2969
 2.970; 0.165; 2970
 2.971; 0.165; 2971
 2.972; 0.165; 2972
 2.973; 0.165; 2973
 2.974; 0.165; 2974
 2.975; 0.165; 2975
 2.976; 0.165; 2976
 2.977; 0.166; 2977
 2.978; 0.166; 2978
 2.979; 0.166; 2979
 2.980; 0.166; 2980
 2.981; 0.166; 2981
 2.982; 0.166; 2982
 2.983; 0.166; 2983
 2.984; 0.166; 2984
 2.985; 0.166; 2985
 2.986; 0.166; 2986
 2.987; 0.166; 2987
 2.988; 0.166; 2988
 2.989; 0.166; 2989
 2.990; 0.166; 2990
 2.991; 0.166; 2991
 2.992; 0.166; 2992
 2.993; 0.166; 2993
 2.994; 0.166; 2994
 2.995; 0.167; 2995
 2.996; 0.167; 2996
 2.997; 0.167; 2997
 2.998; 0.167; 2998
 2.999; 0.167; 2999
 3.000; 0.167; 3000
